300
891
1914
1309
7292
1894
2272
3614
9579
4462
8136
7436
6427
8969
2456
8054
2655
4231
4547
9835
4011
3820
6803
3555
6534
4910
4062
1730
3446
138
7182
3510
9788
3307
7725
3365
8838
7214
7973
8461
4964
1524
5594
4673
674
8428
6104
4663
5019
6127
8320
9293
8334
8827
7302
3881
136
1604
1941
8052
9050
3565
5609
4676
9320
4517
9797
795
5161
3696
6907
4054
723
4295
9553
5291
1414
1527
6467
667
5457
5186
3920
6204
1568
1033
5494
4471
5085
7423
3021
9733
2526
8559
7062
176
1760
3987
8654
2108
1630
3476
2733
9165
2816
3418
3504
9923
7223
273
3647
644
4067
1454
7356
4987
5389
4197
3141
3147
4761
4524

